[root@prod-odsmadb ~]# pt-table-checksum --replicate percona.checksums --replicate-check-only --no-check-binlog-format h=192.168.157.106,u=mhoundegnon,p=PasS123 --ignore-databases=mysql
Checking if all tables can be checksummed ...
Starting checksum ...
Differences on prod-odssldb
TABLE CHUNK CNT_DIFF CRC_DIFF CHUNK_INDEX LOWER_BOUNDARY UPPER_BOUNDARY
analytics.tis_loads 1 213 1
dwa.empty_error_tickets 1 16 1
dwa.kiosk_program_placement_daily_scans 4 -19 1 PRIMARY 313,313,932,313,932,2229,313,932,2229,1645 380,380,651,380,651,1797,380,651,1797,1311
dwa.kiosk_program_placement_daily_scans 7 -26 1 PRIMARY 520,520,400,520,400,1413,520,400,1413,772 586,586,685,586,685,1773,586,685,1773,1268
dwa.kiosk_program_placement_daily_scans 8 -10 1 PRIMARY 586,586,693,586,693,1780,586,693,1780,1216 652,652,836,652,836,2086,652,836,2086,1498
dwa.kiosk_program_placement_daily_scans 11 -16 1 PRIMARY 937,937,890,937,890,2129,937,890,2129,1580 1202,1202,1035,1202,1035,2381,1202,1035,2381,1896
dwa.mobile_scans_by_category 1 0 1 PRIMARY 3,3,10 66834,66834,2
dwa.mobile_scans_by_category 2 0 1 PRIMARY 66834,66834,14 133720,133720,17
dwa.mobile_scans_by_category 3 0 1 PRIMARY 133721,133721,2 214017,214017,4
dwa.mobile_scans_by_category 4 0 1 PRIMARY 214017,214017,9 303130,303130,14
dwa.mobile_scans_by_category_0621 1 0 1 PRIMARY 3,3,10 82465,82465,8
dwa.mobile_scans_by_category_0621 2 0 1 PRIMARY 82465,82465,10 210320,210320,17
dwa.mobile_scans_by_category_0621 3 0 1 PRIMARY 210321,210321,17 286365,286365,11
dwa.mobile_scans_by_location 1 0 1 PRIMARY 19,19,1 144192,144192,977
dwa.mobile_scans_by_location 2 0 1 PRIMARY 144192,144192,1282 321432,321432,969
dwa.monthly_mobile_scans_by_user 1 0 1 PRIMARY 3,3,201406 39920,39920,201806
dwa.monthly_mobile_scans_by_user 2 0 1 PRIMARY 39920,39920,201807 119244,119244,201712
dwa.monthly_mobile_scans_by_user 3 0 1 PRIMARY 119244,119244,201801 185068,185068,201902
dwa.monthly_mobile_scans_by_user 4 0 1 PRIMARY 185069,185069,201801 271812,271812,201810
empty_analysis.empty_error_tickets 1 19 1
meta_shcema.appl_dynamic_variables 1 -2 1
meta_shcema.appl_error_dtl 1 -1 1
meta_shcema.appl_exec 1 -8 1
meta_shcema.appl_exec_dtl 40 -38 1 PRIMARY 3033107 3106592
ods.current_week_scans 1 170 1 PRIMARY 171061517 278943883
ods.ods_dispense_events 7737 -3 1 PRIMARY 437,437,1240370,437,1240370,2018-12-05 438,438,25943,438,25943,2014-03-30
ods.ods_dispense_events 11690 -4 1 PRIMARY 650,650,1442203,650,1442203,2018-11-25 650,650,1488463,650,1488463,2019-02-08
ods.ods_dispense_events 12586 -2 1 PRIMARY 780,780,52813,780,52813,2019-01-20 781,781,48721,781,48721,2018-12-03
ods.ods_dispense_events 12844 -2 1 PRIMARY 1119,1119,10318,1119,10318,2018-11-11 1122,1122,4944,1122,4944,2018-09-28
ods.ods_dispense_events 12905 -3 1 PRIMARY 1291,1291,7167,1291,7167,2018-09-29 1293,1293,14572,1293,14572,2019-01-01
ods.ods_etl_log 6293 -7732 1 PRIMARY 907317943,907317943,2019-01-22 907416330,907416330,2019-01-23
ods.ods_events 9 -4 1 PRIMARY 17,17,497189,17,497189,2018-11-30 19,19,18500,19,18500,2015-05-02
ods.ods_events 43 -4 1 PRIMARY 26,26,811372,26,811372,2018-10-13 28,28,1451,28,1451,2014-07-28
ods.ods_events 137 -4 1 PRIMARY 34,34,1343463,34,1343463,2018-11-18 34,34,1398354,34,1398354,2019-02-04
ods.ods_events 160 -3 1 PRIMARY 35,35,1426493,35,1426493,2018-12-20 36,36,147470,36,147470,2014-05-14
ods.ods_events 201 -4 1 PRIMARY 37,37,1600472,37,1600472,2019-01-19 38,38,247120,38,247120,2014-06-28
ods.ods_events 221 -3 1 PRIMARY 38,38,1371680,38,1371680,2018-11-24 39,39,179929,39,179929,2014-04-16
ods.ods_events 246 -17 1 PRIMARY 39,39,1623728,39,1623728,2018-12-05 40,40,123161,40,123161,2014-04-14
ods.ods_events 306 -4 1 PRIMARY 42,42,1168853,42,1168853,2018-10-25 42,42,1235264,42,1235264,2019-02-06
ods.ods_events 329 -7 1 PRIMARY 43,43,1475264,43,1475264,2018-11-11 44,44,181280,44,181280,2014-04-19
ods.ods_events 355 -4 1 PRIMARY 45,45,690869,45,690869,2018-12-29 47,47,137292,47,137292,2014-06-05
ods.ods_events 376 -5 1 PRIMARY 47,47,1289566,47,1289566,2018-11-09 47,47,1349487,47,1349487,2019-02-04
ods.ods_events 398 -3 1 PRIMARY 48,48,1334630,48,1334630,2018-11-09 48,48,1392941,48,1392941,2019-01-29
ods.ods_events 421 -4 1 PRIMARY 49,49,1407438,49,1407438,2018-12-18 50,50,117051,50,117051,2014-05-19
ods.ods_events 442 -3 1 PRIMARY 50,50,1286732,50,1286732,2018-11-21 50,50,1345082,50,1345082,2019-02-16
ods.ods_events 465 -17 1 PRIMARY 51,51,1317443,51,1317443,2018-12-28 52,52,122528,52,122528,2014-05-19
ods.ods_events 488 -17 1 PRIMARY 52,52,1400610,52,1400610,2018-11-21 52,52,1460555,52,1460555,2019-02-03
ods.ods_events 531 -4 1 PRIMARY 54,54,1454331,54,1454331,2018-12-08 55,55,111695,55,111695,2014-04-18
ods.ods_events 556 -4 1 PRIMARY 55,55,1522945,55,1522945,2019-01-08 56,56,23446,56,23446,2013-11-18
ods.ods_events 577 -5 1 PRIMARY 56,56,1235667,56,1235667,2018-12-14 57,57,143731,57,143731,2014-05-12
ods.ods_events 617 -17 1 PRIMARY 58,58,1447218,58,1447218,2018-12-16 59,59,119013,59,119013,2014-05-14
ods.ods_events 641 -3 1 PRIMARY 59,59,1546491,59,1546491,2019-01-21 60,60,157838,60,157838,2014-06-19
ods.ods_events 661 -4 1 PRIMARY 60,60,1378415,60,1378415,2018-11-16 60,60,1440371,60,1440371,2019-02-08
ods.ods_events 684 -3 1 PRIMARY 61,61,1511981,61,1511981,2019-01-12 62,62,172113,62,172113,2014-05-22
ods.ods_events 706 -4 1 PRIMARY 62,62,1497677,62,1497677,2018-12-07 63,63,114357,63,114357,2014-04-29
ods.ods_events 730 -4 1 PRIMARY 63,63,1446899,63,1446899,2019-01-15 64,64,22472,64,22472,2016-03-07
ods.ods_events 778 -16 1 PRIMARY 67,67,1914500,67,1914500,2018-12-27 68,68,98801,68,98801,2014-04-22
ods.ods_events 835 -3 1 PRIMARY 69,69,1347814,69,1347814,2018-12-30 70,70,123538,70,123538,2014-05-07
ods.ods_events 865 -3 1 PRIMARY 70,70,1490515,70,1490515,2018-11-20 70,70,1544741,70,1544741,2019-01-29
ods.ods_events 924 -4 1 PRIMARY 72,72,1548870,72,1548870,2018-12-30 73,73,120226,73,120226,2014-04-29
ods.ods_scan_data 1 0 1 PRIMARY 1,1,48,1,48,2013-10-14 31,31,26959,31,26959,2014-05-12
ods.ods_scan_data 6 0 1 PRIMARY 31,31,368487,31,368487,2018-01-06 32,32,27706,32,27706,2014-03-31
ods.ods_scan_data 11 0 1 PRIMARY 32,32,359690,32,359690,2018-04-09 33,33,14052,33,14052,2013-12-05
ods.ods_scan_data 22 0 1 PRIMARY 34,34,343575,34,343575,2018-01-06 35,35,20322,35,20322,2014-01-30
ods.ods_scan_data 28 0 1 PRIMARY 35,35,383812,35,383812,2017-11-24 36,36,1447,36,1447,2013-10-08
ods.ods_scan_data 39 0 1 PRIMARY 37,37,531366,37,531366,2018-05-12 38,38,24973,38,24973,2014-03-12
ods.ods_scan_data 44 0 1 PRIMARY 38,38,342390,38,342390,2018-01-07 39,39,13382,39,13382,2013-12-21
ods.ods_scan_data 50 0 1 PRIMARY 39,39,422300,39,422300,2018-01-11 39,39,508863,39,508863,2019-02-16
ods.ods_scan_data 58 0 1 PRIMARY 40,40,629924,40,629924,2018-02-18 41,41,11272,41,11272,2014-01-28
ods.ods_scan_data 64 0 1 PRIMARY 42,42,201821,42,201821,2017-05-31 43,43,21842,43,21842,2014-02-11
ods.ods_scan_data 70 0 1 PRIMARY 43,43,437185,43,437185,2018-02-17 44,44,15015,44,15015,2014-01-26
ods.ods_scan_data 79 0 1 PRIMARY 47,47,340970,47,340970,2019-01-30 48,48,75539,48,75539,2014-11-24
ods.ods_scan_data 84 0 1 PRIMARY 48,48,392463,48,392463,2018-06-06 49,49,31850,49,31850,2014-05-21
ods.ods_scan_data 91 0 1 PRIMARY 49,49,463295,49,463295,2018-12-20 50,50,61737,50,61737,2014-12-20
ods.ods_scan_data 95 0 1 PRIMARY 50,50,299011,50,299011,2017-07-29 51,51,469,51,469,2013-10-27
ods.ods_scan_data 100 0 1 PRIMARY 51,51,326119,51,326119,2018-04-18 52,52,39247,52,39247,2014-06-27
ods.ods_scan_data 106 0 1 PRIMARY 52,52,446446,52,446446,2019-01-25 53,53,73026,53,73026,2014-12-26
ods.ods_scan_data 116 0 1 PRIMARY 54,54,499754,54,499754,2018-12-07 55,55,65468,55,65468,2014-09-13
ods.ods_scan_data 121 0 1 PRIMARY 55,55,429028,55,429028,2017-10-28 56,56,21524,56,21524,2014-05-03
ods.ods_scan_data 125 0 1 PRIMARY 56,56,305485,56,305485,2018-09-29 57,57,64073,57,64073,2014-10-24
ods.ods_scan_data 135 0 1 PRIMARY 58,58,449430,58,449430,2018-08-20 59,59,48239,59,48239,2014-07-12
ods.ods_scan_data 146 0 1 PRIMARY 60,60,409083,60,409083,2018-01-22 61,61,709,61,709,2013-10-30
ods.ods_scan_data 153 0 1 PRIMARY 61,61,495558,61,495558,2018-04-11 62,62,17800,62,17800,2014-02-22
ods.ods_scan_data 160 0 1 PRIMARY 62,62,534665,62,534665,2018-10-05 63,63,48366,63,48366,2014-07-30
ods.ods_scan_data 166 0 1 PRIMARY 63,63,459660,63,459660,2018-11-15 66,66,57043,66,57043,2016-11-21
ods.ods_scan_data 168 0 1 PRIMARY 66,66,141950,66,141950,2018-03-05 67,67,56148,67,56148,2014-07-29
ods.ods_scan_data 176 0 1 PRIMARY 67,67,651563,67,651563,2018-11-09 68,68,58473,68,58473,2014-09-13
ods.ods_scan_data 182 0 1 PRIMARY 68,68,479809,68,479809,2018-05-25 69,69,26540,69,26540,2014-07-03
ods.ods_scan_data 187 0 1 PRIMARY 69,69,359519,69,359519,2018-10-15 70,70,49156,70,49156,2014-07-06
ods.ods_scan_data 215 0 1 PRIMARY 73,73,486521,73,486521,2018-08-14 74,74,33969,74,33969,2014-08-27
ods.ods_scan_data 221 0 1 PRIMARY 74,74,435891,74,435891,2018-09-03 75,75,47681,75,47681,2014-08-04
ods.ods_scan_data 229 0 1 PRIMARY 75,75,584817,75,584817,2018-09-24 76,76,34190,76,34190,2014-04-04
ods.ods_scan_data 249 0 1 PRIMARY 78,78,561880,78,561880,2018-08-30 79,79,33139,79,33139,2014-05-17
ods.ods_scan_data 269 0 1 PRIMARY 81,81,513694,81,513694,2018-05-25 82,82,12152,82,12152,2014-03-01
ods.ods_scan_data 276 0 1 PRIMARY 82,82,482059,82,482059,2018-10-26 83,83,49113,83,49113,2014-07-11
ods.ods_scan_data 283 0 1 PRIMARY 83,83,531217,83,531217,2018-06-02 84,84,8141,84,8141,2014-01-04
ods.ods_scan_data 299 0 1 PRIMARY 85,85,554631,85,554631,2018-05-31 86,86,23318,86,23318,2014-04-04
ods.ods_scan_data 305 0 1 PRIMARY 86,86,451519,86,451519,2018-06-29 87,87,32194,87,32194,2014-05-17
ods.ods_scan_data 317 0 1 PRIMARY 88,88,379408,88,379408,2018-12-29 89,89,71086,89,71086,2014-07-30
ods.ods_scan_data 324 0 1 PRIMARY 89,89,575848,89,575848,2018-04-26 90,90,2053,90,2053,2013-11-20
ods.ods_scan_data 332 0 1 PRIMARY 90,90,568069,90,568069,2018-06-04 91,91,11050,91,11050,2014-01-15
ods.ods_scan_data 338 0 1 PRIMARY 91,91,403036,91,403036,2018-06-04 92,92,42824,92,42824,2014-06-21
ods.ods_scan_data 343 0 1 PRIMARY 92,92,379071,92,379071,2018-01-18 93,93,20167,93,20167,2014-03-10
ods.ods_scan_data 350 0 1 PRIMARY 93,93,559765,93,559765,2018-08-04 94,94,48934,94,48934,2014-09-21
ods.ods_scan_data 354 0 1 PRIMARY 94,94,299499,94,299499,2017-09-30 95,95,12634,95,12634,2014-02-15
ods.ods_scan_data 360 0 1 PRIMARY 95,95,418175,95,418175,2017-11-12 96,96,3331,96,3331,2013-12-03
ods.ods_scan_data 365 0 1 PRIMARY 96,96,348000,96,348000,2018-03-22 99,99,27768,99,27768,2014-05-25
ods.ods_scan_data 371 0 1 PRIMARY 99,99,434119,99,434119,2018-10-07 100,100,61768,100,61768,2014-08-13
ods.ods_scan_data 377 0 1 PRIMARY 100,100,480739,100,480739,2018-12-22 101,101,67443,101,67443,2015-03-23
ods.ods_scan_data 381 0 1 PRIMARY 101,101,316648,101,316648,2019-01-26 102,102,75212,102,75212,2015-05-29
ods.ods_scan_data 384 0 1 PRIMARY 102,102,238233,102,238233,2017-11-22 103,103,21587,103,21587,2014-05-10
ods.ods_scan_data 397 0 1 PRIMARY 105,105,471087,105,471087,2018-03-05 106,106,20426,106,20426,2014-05-12
ods.ods_scan_data 404 0 1 PRIMARY 109,109,224681,109,224681,2017-04-07 110,110,10685,110,10685,2014-05-17
ods.ods_scan_data 410 0 1 PRIMARY 110,110,464158,110,464158,2018-10-08 111,111,58621,111,58621,2015-02-03
ods.ods_scan_data 423 0 1 PRIMARY 116,116,331578,116,331578,2017-08-29 117,117,9876,117,9876,2014-03-24
ods.ods_scan_data 428 0 1 PRIMARY 117,117,357638,117,357638,2017-12-29 118,118,17149,118,17149,2014-05-21
ods.ods_scan_data 432 0 1 PRIMARY 118,118,277014,118,277014,2017-08-11 119,119,23957,119,23957,2017-05-27
ods.ods_scan_data 433 0 1 PRIMARY 119,119,23958,119,23958,2017-05-27 120,120,18606,120,18606,2016-02-26
ods.ods_scan_data 436 0 1 PRIMARY 120,120,198586,120,198586,2018-08-25 122,122,50488,122,50488,2016-08-26
ods.ods_scan_data 445 0 1 PRIMARY 124,124,296596,124,296596,2017-06-30 125,125,12712,125,12712,2014-05-03
ods.ods_scan_data 449 0 1 PRIMARY 125,125,289699,125,289699,2017-08-24 127,127,21121,127,21121,2015-10-12
ods.ods_scan_data 452 0 1 PRIMARY 127,127,208884,127,208884,2018-09-03 129,129,15600,129,15600,2017-07-14
ods.ods_scan_data 453 0 1 PRIMARY 129,129,15601,129,15601,2017-07-14 130,130,8337,130,8337,2014-03-08
ods.ods_scan_data 465 0 1 PRIMARY 131,131,495473,131,495473,2018-01-24 133,133,46198,133,46198,2014-11-24
ods.ods_scan_data 469 0 1 PRIMARY 133,133,297994,133,297994,2017-09-16 134,134,349,134,349,2014-02-06
ods.ods_scan_data 473 0 1 PRIMARY 134,134,262164,134,262164,2018-05-01 135,135,59924,135,59924,2014-12-22
ods.ods_scan_data 478 0 1 PRIMARY 135,135,419922,135,419922,2018-11-10 136,136,64450,136,64450,2014-11-18
ods.ods_scan_data 483 0 1 PRIMARY 136,136,416473,136,416473,2018-06-16 137,137,43038,137,43038,2015-01-03
ods.ods_scan_data 492 0 1 PRIMARY 138,138,392506,138,392506,2018-05-08 139,139,23018,139,23018,2014-04-30
ods.ods_scan_data 498 0 1 PRIMARY 139,139,369571,139,369571,2017-08-28 140,140,18873,140,18873,2014-05-17
ods.ods_scan_data 510 0 1 PRIMARY 141,141,444670,141,444670,2018-12-21 142,142,56806,142,56806,2015-01-03
ods.ods_scan_data 523 0 1 PRIMARY 144,144,451498,144,451498,2018-11-20 145,145,67854,145,67854,2014-11-15
ods.ods_scan_data 528 0 1 PRIMARY 145,145,392140,145,392140,2018-01-05 146,146,4915,146,4915,2014-02-13
ods.ods_scan_data 532 0 1 PRIMARY 146,146,243187,146,243187,2017-07-20 147,147,20069,147,20069,2014-04-13
ods.ods_scan_data 539 0 1 PRIMARY 147,147,454083,147,454083,2018-03-19 148,148,7001,148,7001,2014-02-25
ods.ods_scan_data 547 0 1 PRIMARY 148,148,501017,148,501017,2018-06-09 149,149,21419,149,21419,2014-04-05
ods.ods_scan_data 555 0 1 PRIMARY 149,149,517345,149,517345,2017-12-07 150,150,11410,150,11410,2014-03-15
ods.ods_scan_data 562 0 1 PRIMARY 150,150,440509,150,440509,2019-01-15 151,151,72263,151,72263,2015-02-19
ods.ods_scan_data 565 0 1 PRIMARY 151,151,222301,151,222301,2017-06-28 152,152,13456,152,13456,2014-03-20
ods.ods_scan_data 579 0 1 PRIMARY 154,154,424668,154,424668,2018-05-25 155,155,45543,155,45543,2014-09-02
ods.ods_scan_data 585 0 1 PRIMARY 155,155,419264,155,419264,2018-04-14 156,156,28270,156,28270,2014-08-02
ods.ods_scan_data 589 0 1 PRIMARY 156,156,268146,156,268146,2018-04-20 157,157,43394,157,43394,2014-08-23
ods.ods_scan_data 598 0 1 PRIMARY 158,158,375606,158,375606,2018-05-24 159,159,49167,159,49167,2014-11-04
ods.ods_scan_data 606 0 1 PRIMARY 160,160,262767,160,262767,2017-11-19 161,161,38057,161,38057,2014-10-28
ods.ods_scan_data 610 0 1 PRIMARY 161,161,268893,161,268893,2018-05-07 162,162,36127,162,36127,2014-08-07
ods.ods_scan_data 615 0 1 PRIMARY 162,162,344245,162,344245,2019-01-10 163,163,70310,163,70310,2014-10-20
ods.ods_scan_data 634 0 1 PRIMARY 165,165,365856,165,365856,2018-08-21 166,166,37457,166,37457,2014-07-03
ods.ods_scan_data 639 0 1 PRIMARY 166,166,355032,166,355032,2018-02-14 167,167,30039,167,30039,2014-06-25
ods.ods_scan_data 645 0 1 PRIMARY 167,167,422860,167,422860,2018-12-08 168,168,62386,168,62386,2014-12-15
ods.ods_scan_data 649 0 1 PRIMARY 168,168,282708,168,282708,2017-11-27 169,169,24811,169,24811,2014-04-25
ods.ods_scan_data 656 0 1 PRIMARY 169,169,514033,169,514033,2018-05-05 170,170,42015,170,42015,2014-09-06
ods.ods_scan_data 661 0 1 PRIMARY 170,170,386994,170,386994,2018-11-24 171,171,56407,171,56407,2014-08-23
ods.ods_scan_data 667 0 1 PRIMARY 171,171,454065,171,454065,2018-08-15 172,172,31201,172,31201,2014-06-28
ods.ods_scan_data 673 0 1 PRIMARY 172,172,409801,172,409801,2018-08-24 173,173,51645,173,51645,2014-10-27
ods.ods_scan_data 678 0 1 PRIMARY 173,173,385551,173,385551,2019-01-18 174,174,77130,174,77130,2014-11-20
ods.ods_scan_data 686 0 1 PRIMARY 174,174,666337,174,666337,2018-10-01 175,175,28355,175,28355,2014-05-04
ods.ods_scan_data 692 0 1 PRIMARY 175,175,431509,175,431509,2017-11-26 176,176,12987,176,12987,2014-03-20
ods.ods_scan_data 700 0 1 PRIMARY 176,176,565857,176,565857,2018-12-26 177,177,61799,177,61799,2014-08-23
ods.ods_scan_data 713 0 1 PRIMARY 178,178,378203,178,378203,2017-10-22 179,179,2340,179,2340,2014-01-24
ods.ods_scan_data 719 0 1 PRIMARY 179,179,366043,179,366043,2018-07-11 180,180,37183,180,37183,2014-07-14
ods.ods_scan_data 725 0 1 PRIMARY 180,180,416602,180,416602,2018-12-16 181,181,60654,181,60654,2014-09-13
ods.ods_scan_data 730 0 1 PRIMARY 181,181,358671,181,358671,2018-06-30 182,182,32480,182,32480,2014-06-14
ods.ods_scan_data 736 0 1 PRIMARY 182,182,410457,182,410457,2018-01-28 183,183,26234,183,26234,2014-04-27
ods.ods_scan_data 742 0 1 PRIMARY 183,183,417867,183,417867,2018-04-06 184,184,29034,184,29034,2014-05-13
ods.ods_scan_data 747 0 1 PRIMARY 184,184,365739,184,365739,2019-01-19 185,185,79883,185,79883,2015-04-07
ods.ods_scan_data 750 0 1 PRIMARY 185,185,253936,185,253936,2017-07-04 186,186,24273,186,24273,2014-04-19
ods.ods_scan_data 757 0 1 PRIMARY 186,186,571547,186,571547,2018-05-26 187,187,22029,187,22029,2014-05-05
ods.ods_scan_data 762 0 1 PRIMARY 187,187,373506,187,373506,2018-05-14 188,188,57970,188,57970,2014-11-20
ods.ods_scan_data 767 0 1 PRIMARY 188,188,385752,188,385752,2018-12-22 189,189,68221,189,68221,2015-11-16
ods.ods_scan_data 779 0 1 PRIMARY 191,191,530744,191,530744,2018-10-28 192,192,70925,192,70925,2015-01-11
ods.ods_scan_data 788 0 1 PRIMARY 193,193,294421,193,294421,2018-05-25 194,194,46026,194,46026,2014-10-24
ods.ods_scan_data 792 0 1 PRIMARY 194,194,305769,194,305769,2018-04-09 195,195,30333,195,30333,2014-06-09
ods.ods_scan_data 797 0 1 PRIMARY 195,195,382816,195,382816,2018-04-11 196,196,44540,196,44540,2014-11-19
ods.ods_scan_data 804 0 1 PRIMARY 197,197,332398,197,332398,2018-03-19 198,198,39860,198,39860,2014-08-09
ods.ods_scan_data 809 0 1 PRIMARY 198,198,387200,198,387200,2018-04-07 199,199,45870,199,45870,2014-08-07
ods.ods_scan_data 814 0 1 PRIMARY 199,199,414003,199,414003,2018-05-15 200,200,32115,200,32115,2014-05-21
ods.ods_scan_data 821 0 1 PRIMARY 200,200,590002,200,590002,2018-03-19 201,201,32694,201,32694,2014-09-01
ods.ods_scan_data 825 0 1 PRIMARY 201,201,297432,201,297432,2018-09-05 202,202,56866,202,56866,2014-10-04
ods.ods_scan_data 830 0 1 PRIMARY 202,202,380951,202,380951,2018-01-09 203,203,10274,203,10274,2014-03-31
ods.ods_scan_data 834 0 1 PRIMARY 203,203,253110,203,253110,2018-07-31 204,204,53577,204,53577,2015-01-16
ods.ods_scan_data 838 0 1 PRIMARY 204,204,302074,204,302074,2018-08-12 205,205,62607,205,62607,2014-10-23
ods.ods_scan_data 843 0 1 PRIMARY 205,205,417342,205,417342,2018-03-05 206,206,26339,206,26339,2014-05-27
ods.ods_scan_data 848 0 1 PRIMARY 206,206,334094,206,334094,2017-06-22 207,207,1557,207,1557,2014-01-11
ods.ods_scan_data 858 0 1 PRIMARY 208,208,288922,208,288922,2017-08-17 209,209,14171,209,14171,2014-04-05
ods.ods_scan_data 863 0 1 PRIMARY 209,209,366285,209,366285,2019-01-26 210,210,79228,210,79228,2014-12-31
ods.ods_scan_data 868 0 1 PRIMARY 210,210,400677,210,400677,2018-12-01 211,211,69685,211,69685,2014-10-06
ods.ods_scan_data 873 0 1 PRIMARY 211,211,395402,211,395402,2017-11-22 212,212,20880,212,20880,2014-04-15
ods.ods_scan_data 878 0 1 PRIMARY 212,212,367312,212,367312,2018-04-17 213,213,35558,213,35558,2014-09-01
ods.ods_scan_data 883 0 1 PRIMARY 213,213,386651,213,386651,2018-07-27 214,214,40742,214,40742,2014-08-16
ods.ods_scan_data 889 0 1 PRIMARY 214,214,410865,214,410865,2018-08-22 215,215,45072,215,45072,2014-08-23
ods.ods_scan_data 896 0 1 PRIMARY 215,215,520665,215,520665,2018-05-04 216,216,29085,216,29085,2014-06-03
ods.ods_scan_data 902 0 1 PRIMARY 216,216,454210,216,454210,2019-01-06 217,217,79391,217,79391,2015-01-18
ods.ods_scan_data 906 0 1 PRIMARY 217,217,337586,217,337586,2018-03-17 218,218,32454,218,32454,2014-08-23
ods.ods_scan_data 910 0 1 PRIMARY 218,218,257510,218,257510,2017-09-23 219,219,4586,219,4586,2014-02-12
ods.ods_scan_data 915 0 1 PRIMARY 219,219,339755,219,339755,2017-12-20 220,220,22247,220,22247,2014-06-10
ods.ods_scan_data 920 0 1 PRIMARY 220,220,353360,220,353360,2019-01-25 221,221,80002,221,80002,2014-10-30
ods.ods_scan_data 925 0 1 PRIMARY 221,221,442371,221,442371,2018-01-24 222,222,21779,222,21779,2014-05-10
ods.ods_scan_data 931 0 1 PRIMARY 222,222,467704,222,467704,2018-10-04 223,223,53187,223,53187,2014-10-26
ods.ods_scan_data 935 0 1 PRIMARY 223,223,300321,223,300321,2018-09-13 224,224,59383,224,59383,2014-09-20
ods.ods_scan_data 940 0 1 PRIMARY 224,224,376473,224,376473,2017-09-22 225,225,14595,225,14595,2014-04-14
ods.ods_scan_data 945 0 1 PRIMARY 225,225,359741,225,359741,2018-08-01 226,226,43434,226,43434,2014-09-14
ods.ods_scan_data 950 0 1 PRIMARY 226,226,380497,226,380497,2017-07-31 227,227,573,227,573,2014-01-10
ods.ods_scan_data 955 0 1 PRIMARY 227,227,349251,227,349251,2018-04-28 228,228,44322,228,44322,2014-08-27
ods.ods_scan_data 962 0 1 PRIMARY 229,229,173895,229,173895,2017-06-01 230,230,28910,230,28910,2014-05-17
ods.ods_scan_data 967 0 1 PRIMARY 230,230,359589,230,359589,2017-12-29 231,231,21060,231,21060,2014-06-07
ods.ods_scan_data 972 0 1 PRIMARY 231,231,326149,231,326149,2017-12-13 232,232,26170,232,26170,2014-07-12
ods.ods_scan_data 977 0 1 PRIMARY 232,232,334599,232,334599,2017-12-02 233,233,8594,233,8594,2014-03-27
ods.ods_scan_data 986 0 1 PRIMARY 234,234,385708,234,385708,2018-01-02 235,235,17469,235,17469,2014-05-10
ods.ods_scan_data 990 0 1 PRIMARY 235,235,266832,235,266832,2018-04-29 236,236,50254,236,50254,2014-09-24
ods.ods_scan_data 994 0 1 PRIMARY 236,236,316809,236,316809,2017-09-20 237,237,5745,237,5745,2014-01-30
ods.ods_scan_data 998 0 1 PRIMARY 237,237,270943,237,270943,2017-06-03 237,237,369518,237,369518,2019-02-14
ods.ods_scan_data 1006 0 1 PRIMARY 239,239,237108,239,237108,2017-09-03 240,240,22381,240,22381,2014-06-15
ods.ods_scan_data 1011 0 1 PRIMARY 240,240,366496,240,366496,2018-10-19 241,241,66815,241,66815,2014-10-22
ods.ods_scan_data 1016 0 1 PRIMARY 241,241,416410,241,416410,2018-05-13 242,242,29424,242,29424,2014-09-06
ods.ods_scan_data 1020 0 1 PRIMARY 242,242,287984,242,287984,2018-08-21 243,243,69841,243,69841,2014-11-30
ods.ods_scan_data 1025 0 1 PRIMARY 243,243,400949,243,400949,2017-09-27 244,244,1525,244,1525,2014-01-24
ods.ods_scan_data 1036 0 1 PRIMARY 245,245,382273,245,382273,2019-01-05 246,246,67302,246,67302,2014-10-18
ods.ods_scan_data 1042 0 1 PRIMARY 246,246,453428,246,453428,2018-09-23 247,247,48799,247,48799,2014-09-06
ods.ods_scan_data 1047 0 1 PRIMARY 247,247,398299,247,398299,2017-12-21 248,248,21193,248,21193,2014-06-04
ods.ods_scan_data 1052 0 1 PRIMARY 248,248,386794,248,386794,2018-05-10 249,249,39512,249,39512,2014-10-15
ods.ods_scan_data 1061 0 1 PRIMARY 250,250,428393,250,428393,2018-10-20 251,251,61151,251,61151,2015-03-15
ods.ods_scan_data 1065 0 1 PRIMARY 251,251,311088,251,311088,2018-09-15 252,252,68342,252,68342,2015-01-17
ods.ods_scan_data 1069 0 1 PRIMARY 252,252,329291,252,329291,2019-01-12 253,253,79340,253,79340,2015-03-16
ods.ods_scan_data 1073 0 1 PRIMARY 253,253,342855,253,342855,2018-03-31 254,254,34480,254,34480,2014-08-23
ods.ods_scan_data 1077 0 1 PRIMARY 254,254,305436,254,305436,2018-03-16 255,255,42247,255,42247,2014-08-16
ods.ods_scan_data 1081 0 1 PRIMARY 255,255,324493,255,324493,2017-11-24 256,256,16407,256,16407,2014-05-05
ods.ods_scan_data 1086 0 1 PRIMARY 256,256,361001,256,361001,2018-09-19 257,257,63069,257,63069,2015-01-13
ods.ods_scan_data 1090 0 1 PRIMARY 257,257,319171,257,319171,2017-12-19 258,258,22562,258,22562,2014-05-16
ods.ods_scan_data 1102 0 1 PRIMARY 260,260,344786,260,344786,2018-12-22 261,261,77486,261,77486,2014-11-20
ods.ods_scan_data 1107 0 1 PRIMARY 261,261,448212,261,448212,2018-11-09 262,262,67590,262,67590,2015-01-17
ods.ods_scan_data 1110 0 1 PRIMARY 262,262,246122,262,246122,2017-07-30 263,263,18255,263,18255,2014-03-20
ods.ods_scan_data 1116 0 1 PRIMARY 263,263,468342,263,468342,2018-06-18 264,264,40093,264,40093,2014-08-24
ods.ods_scan_data 1119 0 1 PRIMARY 264,264,220873,264,220873,2017-06-24 265,265,28879,265,28879,2014-07-05
ods.ods_scan_data 1123 0 1 PRIMARY 265,265,296196,265,296196,2017-12-14 266,266,36197,266,36197,2014-06-09
ods.ods_scan_data 1131 0 1 PRIMARY 267,267,293717,267,293717,2018-06-16 268,268,42241,268,42241,2014-06-20
ods.ods_scan_data 1137 0 1 PRIMARY 268,268,482322,268,482322,2018-10-27 269,269,60025,269,60025,2015-01-08
ods.ods_scan_data 1141 0 1 PRIMARY 269,269,330416,269,330416,2018-09-19 270,270,74231,270,74231,2015-01-07
ods.ods_scan_data 1145 0 1 PRIMARY 270,270,369990,270,369990,2018-08-18 271,271,60096,271,60096,2014-12-10
ods.ods_scan_data 1149 0 1 PRIMARY 271,271,344094,271,344094,2018-05-30 272,272,66326,272,66326,2015-02-10
ods.ods_scan_data 1158 0 1 PRIMARY 273,273,568712,273,568712,2018-06-27 274,274,30278,274,30278,2014-09-01
ods.ods_scan_data 1162 0 1 PRIMARY 274,274,281047,274,281047,2017-08-21 275,275,23593,275,23593,2014-05-03
ods.ods_scan_data 1172 0 1 PRIMARY 276,276,363062,276,363062,2018-03-12 277,277,30492,277,30492,2014-06-05
ods.ods_scan_data 1178 0 1 PRIMARY 277,277,456315,277,456315,2018-07-21 278,278,36788,278,36788,2014-06-28
ods.ods_scan_data 1193 0 1 PRIMARY 280,280,316598,280,316598,2018-08-05 281,281,57324,281,57324,2014-11-02
ods.ods_scan_data 1198 0 1 PRIMARY 281,281,421124,281,421124,2018-04-09 282,282,14483,282,14483,2014-05-11
ods.ods_scan_data 1203 0 1 PRIMARY 282,282,350808,282,350808,2018-11-30 283,283,66485,283,66485,2014-09-03
ods.ods_scan_data 1210 0 1 PRIMARY 283,283,502458,283,502458,2018-02-03 284,284,12496,284,12496,2014-03-09
ods.ods_scan_data 1217 0 1 PRIMARY 284,284,521883,284,521883,2018-05-15 285,285,30882,285,30882,2014-06-14
ods.ods_scan_data 1222 0 1 PRIMARY 285,285,377121,285,377121,2018-01-21 286,286,24768,286,24768,2014-06-03
ods.ods_scan_data 1226 0 1 PRIMARY 286,286,278951,286,278951,2017-09-14 287,287,16122,287,16122,2014-04-01
ods.ods_scan_data 1232 0 1 PRIMARY 287,287,450026,287,450026,2018-06-02 288,288,31712,288,31712,2014-05-31
ods.ods_scan_data 1238 0 1 PRIMARY 288,288,423293,288,423293,2018-08-12 289,289,55374,289,55374,2014-12-13
ods.ods_scan_data 1243 0 1 PRIMARY 289,289,383455,289,383455,2017-11-21 290,290,9053,290,9053,2014-03-08
ods.ods_scan_data 1248 0 1 PRIMARY 290,290,345659,290,345659,2018-04-27 291,291,28948,291,28948,2014-07-19
ods.ods_scan_data 1253 0 1 PRIMARY 291,291,361416,291,361416,2018-03-04 292,292,21209,292,21209,2014-05-29
ods.ods_scan_data 1259 0 1 PRIMARY 292,292,422217,292,422217,2018-09-21 293,293,54521,293,54521,2014-09-26
ods.ods_scan_data 1264 0 1 PRIMARY 293,293,395827,293,395827,2017-12-01 294,294,21732,294,21732,2014-05-25
ods.ods_scan_data 1274 0 1 PRIMARY 295,295,303582,295,303582,2017-11-29 296,296,34728,296,34728,2014-08-26
ods.ods_scan_data 1278 0 1 PRIMARY 296,296,298787,296,298787,2017-08-16 297,297,4551,297,4551,2014-02-15
ods.ods_scan_data 1283 0 1 PRIMARY 297,297,361015,297,361015,2018-10-21 298,298,69724,298,69724,2014-10-25
ods.ods_scan_data 1288 0 1 PRIMARY 298,298,437014,298,437014,2019-01-04 299,299,78384,299,78384,2015-03-03
ods.ods_scan_data 1296 0 1 PRIMARY 300,300,310611,300,310611,2017-08-18 301,301,11838,301,11838,2014-04-05
ods.ods_scan_data 1302 0 1 PRIMARY 301,301,445630,301,445630,2017-11-09 302,302,8102,302,8102,2014-03-23
ods.ods_scan_data 1308 0 1 PRIMARY 303,303,255319,303,255319,2017-07-07 304,304,17326,304,17326,2014-04-19
ods.ods_scan_data 1314 0 1 PRIMARY 304,304,453509,304,453509,2018-01-10 305,305,21206,305,21206,2014-07-06
ods.ods_scan_data 1319 0 1 PRIMARY 305,305,365726,305,365726,2018-12-28 306,306,82174,306,82174,2015-01-12
ods.ods_scan_data 1323 0 1 PRIMARY 306,306,359766,306,359766,2017-10-22 307,307,3633,307,3633,2014-02-22
ods.ods_scan_data 1328 0 1 PRIMARY 307,307,340188,307,340188,2018-08-27 308,308,59686,308,59686,2015-02-01
ods.ods_scan_data 1331 0 1 PRIMARY 308,308,225441,308,225441,2017-05-13 309,309,12990,309,12990,2014-04-12
ods.ods_scan_data 1336 0 1 PRIMARY 309,309,351862,309,351862,2018-10-02 310,310,59503,310,59503,2015-01-23
ods.ods_scan_data 1340 0 1 PRIMARY 310,310,294160,310,294160,2017-09-17 311,311,5083,311,5083,2014-02-19
ods.ods_scan_data 1344 0 1 PRIMARY 311,311,253631,311,253631,2017-07-06 312,312,244,312,244,2014-01-17
ods.ods_scan_data 1350 0 1 PRIMARY 312,312,407046,312,407046,2017-11-17 313,313,26236,313,26236,2014-07-27
ods.ods_scan_data 1355 0 1 PRIMARY 313,313,329040,313,329040,2018-10-13 314,314,58522,314,58522,2014-10-18
ods.ods_scan_data 1360 0 1 PRIMARY 314,314,380976,314,380976,2019-01-18 315,315,71852,315,71852,2015-03-19
ods.ods_scan_data 1364 0 1 PRIMARY 315,315,319868,315,319868,2018-08-06 316,316,50263,316,50263,2014-09-24
ods.ods_scan_data 1369 0 1 PRIMARY 316,316,368925,316,368925,2018-06-09 317,317,47231,317,47231,2014-07-23
ods.ods_scan_data 1375 0 1 PRIMARY 317,317,443848,317,443848,2018-06-20 318,318,35729,318,35729,2014-08-20
ods.ods_scan_data 1381 0 1 PRIMARY 318,318,434497,318,434497,2018-08-18 319,319,47975,319,47975,2014-07-07
ods.ods_scan_data 1387 0 1 PRIMARY 319,319,453565,319,453565,2018-10-26 320,320,58324,320,58324,2014-10-08
ods.ods_scan_data 1392 0 1 PRIMARY 320,320,358648,320,358648,2018-01-19 321,321,12861,321,12861,2014-04-22
ods.ods_scan_data 1397 0 1 PRIMARY 321,321,315631,321,315631,2017-09-22 322,322,7653,322,7653,2014-03-06
ods.ods_scan_data 1408 0 1 PRIMARY 323,323,335733,323,335733,2017-11-24 324,324,19232,324,19232,2014-06-08
ods.ods_scan_data 1414 0 1 PRIMARY 324,324,431304,324,431304,2018-11-26 325,325,63801,325,63801,2015-03-10
ods.ods_scan_data 1427 0 1 PRIMARY 327,327,409511,327,409511,2018-12-19 328,328,78922,328,78922,2015-05-24
ods.ods_scan_data 1431 0 1 PRIMARY 328,328,320434,328,320434,2018-09-20 329,329,51394,329,51394,2014-08-10
ods.ods_scan_data 1437 0 1 PRIMARY 329,329,421892,329,421892,2017-11-21 331,331,15433,331,15433,2014-06-16
ods.ods_scan_data 1442 0 1 PRIMARY 331,331,305935,331,305935,2018-03-21 332,332,24479,332,24479,2014-07-07
ods.ods_scan_data 1446 0 1 PRIMARY 332,332,285729,332,285729,2018-07-05 333,333,66261,333,66261,2014-11-13
ods.ods_scan_data 1451 0 1 PRIMARY 333,333,427063,333,427063,2017-12-29 333,333,507802,333,507802,2019-02-11
ods.ods_scan_data 1458 0 1 PRIMARY 334,334,507793,334,507793,2018-10-17 335,335,50027,335,50027,2014-10-03
ods.ods_scan_data 1463 0 1 PRIMARY 335,335,361224,335,361224,2017-10-26 336,336,9189,336,9189,2014-03-20
ods.ods_scan_data 1470 0 1 PRIMARY 336,336,489413,336,489413,2018-11-26 337,337,60247,337,60247,2014-11-15
ods.ods_scan_data 1475 0 1 PRIMARY 337,337,395751,337,395751,2018-04-17 338,338,23140,338,23140,2014-07-03
ods.ods_scan_data 1480 0 1 PRIMARY 338,338,366047,338,366047,2018-05-25 339,339,54745,339,54745,2014-12-29
ods.ods_scan_data 1484 0 1 PRIMARY 339,339,293225,339,293225,2018-10-27 340,340,61144,340,61144,2014-11-13
ods.ods_scan_data 1496 0 1 PRIMARY 341,341,362511,341,362511,2018-04-14 342,342,32579,342,32579,2014-07-09
ods.ods_scan_data 1502 0 1 PRIMARY 342,342,426767,342,426767,2018-05-06 343,343,59052,343,59052,2015-01-05
ods.ods_scan_data 1512 0 1 PRIMARY 344,344,447860,344,447860,2018-10-27 345,345,73441,345,73441,2014-11-28
ods.ods_scan_data 1518 0 1 PRIMARY 345,345,504057,345,504057,2018-06-30 346,346,20745,346,20745,2014-07-05
ods.ods_scan_data 1524 0 1 PRIMARY 346,346,430095,346,430095,2018-09-09 347,347,52710,347,52710,2015-01-10
ods.ods_scan_data 1529 0 1 PRIMARY 347,347,388169,347,388169,2018-02-20 348,348,39853,348,39853,2014-10-02
ods.ods_scan_data 1538 0 1 PRIMARY 349,349,476950,349,476950,2018-12-08 350,350,67627,350,67627,2015-01-09
ods.ods_scan_data 1542 0 1 PRIMARY 350,350,311310,350,311310,2017-11-26 351,351,13690,351,13690,2014-04-16
ods.ods_scan_data 1551 0 1 PRIMARY 352,352,296554,352,296554,2017-12-05 353,353,8530,353,8530,2014-03-27
ods.ods_scan_data 1557 0 1 PRIMARY 353,353,420032,353,420032,2018-10-04 354,354,59318,354,59318,2015-01-04
ods.ods_scan_data 1561 0 1 PRIMARY 354,354,300372,354,300372,2018-08-04 355,355,51156,355,51156,2014-10-05
ods.ods_scan_data 1569 0 1 PRIMARY 355,355,546568,355,546568,2018-11-09 356,356,54461,356,54461,2014-11-26
ods.ods_scan_data 1574 0 1 PRIMARY 356,356,375775,356,375775,2018-05-26 357,357,36384,357,36384,2014-08-16
ods.ods_scan_data 1585 0 1 PRIMARY 358,358,362817,358,362817,2018-08-30 359,359,43169,359,43169,2014-12-01
ods.ods_scan_data 1589 0 1 PRIMARY 359,359,281552,359,281552,2017-12-30 360,360,26567,360,26567,2014-06-18
ods.ods_scan_data 1597 0 1 PRIMARY 360,360,605082,360,605082,2019-01-19 361,361,67249,361,67249,2014-12-20
ods.ods_scan_data 1602 0 1 PRIMARY 361,361,378334,361,378334,2018-09-30 362,362,62227,362,62227,2015-01-15
ods.ods_scan_data 1607 0 1 PRIMARY 362,362,348144,362,348144,2018-03-17 363,363,6643,363,6643,2014-04-11
ods.ods_scan_data 1612 0 1 PRIMARY 363,363,298283,363,298283,2018-12-28 364,364,55446,364,55446,2014-12-08
ods.ods_scan_data 1617 0 1 PRIMARY 364,364,340157,364,340157,2018-09-09 365,365,55915,365,55915,2014-09-16
ods.ods_scan_data 1623 0 1 PRIMARY 365,365,463836,365,463836,2018-10-03 366,366,52308,366,52308,2014-10-29
ods.ods_scan_data 1628 0 1 PRIMARY 366,366,390440,366,390440,2018-05-31 367,367,34177,367,34177,2014-09-30
ods.ods_scan_data 1635 0 1 PRIMARY 368,368,268134,368,268134,2017-11-20 369,369,22191,369,22191,2014-05-28
ods.ods_scan_data 1641 0 1 PRIMARY 369,369,425538,369,425538,2018-04-08 370,370,25111,370,25111,2014-07-27
ods.ods_scan_data 1645 0 1 PRIMARY 370,370,273139,370,273139,2017-09-15 371,371,32005,371,32005,2014-07-01
ods.ods_scan_data 1651 0 1 PRIMARY 371,371,480739,371,480739,2018-07-04 372,372,31857,372,31857,2014-08-23
ods.ods_scan_data 1655 0 1 PRIMARY 372,372,284158,372,284158,2017-08-12 373,373,14064,373,14064,2014-04-28
ods.ods_scan_data 1666 0 1 PRIMARY 374,374,353480,374,353480,2018-11-18 375,375,62119,375,62119,2014-10-27
ods.ods_scan_data 1670 0 1 PRIMARY 375,375,287986,375,287986,2017-08-21 376,376,26585,376,26585,2014-08-04
ods.ods_scan_data 1674 0 1 PRIMARY 376,376,263206,376,263206,2017-07-25 377,377,512,377,512,2014-01-27
ods.ods_scan_data 1679 0 1 PRIMARY 377,377,320677,377,320677,2018-01-09 378,378,14629,378,14629,2014-04-24
ods.ods_scan_data 1684 0 1 PRIMARY 378,378,336937,378,336937,2018-02-25 379,379,29313,379,29313,2014-05-22
ods.ods_scan_data 1701 0 1 PRIMARY 381,381,401708,381,401708,2018-05-11 382,382,30628,382,30628,2014-06-24
ods.ods_scan_data 1711 0 1 PRIMARY 383,383,365437,383,365437,2018-05-26 384,384,46455,384,46455,2014-10-26
ods.ods_scan_data 1715 0 1 PRIMARY 384,384,280776,384,280776,2017-09-02 385,385,1656,385,1656,2014-02-21
ods.ods_scan_data 1720 0 1 PRIMARY 385,385,322814,385,322814,2017-09-15 386,386,6841,386,6841,2014-03-20
ods.ods_scan_data 1734 0 1 PRIMARY 388,388,339146,388,339146,2017-09-11 389,389,7753,389,7753,2014-04-07
ods.ods_scan_data 1739 0 1 PRIMARY 389,389,344065,389,344065,2018-04-07 390,390,17735,390,17735,2014-05-11
ods.ods_scan_data 1744 0 1 PRIMARY 390,390,326310,390,326310,2017-08-23 390,390,420725,390,420725,2019-02-10
ods.ods_scan_data 1748 0 1 PRIMARY 391,391,244944,391,244944,2017-08-29 392,392,19705,392,19705,2014-05-06
ods.ods_scan_data 1754 0 1 PRIMARY 392,392,433600,392,433600,2018-08-20 393,393,48946,393,48946,2014-09-15
ods.ods_scan_data 1760 0 1 PRIMARY 393,393,444436,393,444436,2017-11-30 394,394,32912,394,32912,2014-08-26
ods.ods_scan_data 1772 0 1 PRIMARY 396,396,244100,396,244100,2017-07-31 397,397,19988,397,19988,2014-06-29
ods.ods_scan_data 1783 0 1 PRIMARY 398,398,430570,398,430570,2018-09-22 399,399,59688,399,59688,2014-11-15
ods.ods_scan_data 1787 0 1 PRIMARY 399,399,297439,399,297439,2017-06-26 400,400,16629,400,16629,2014-04-18
ods.ods_scan_data 1794 0 1 PRIMARY 400,400,518359,400,518359,2018-05-06 401,401,21198,401,21198,2014-06-27
ods.ods_scan_data 1800 0 1 PRIMARY 401,401,433656,401,433656,2018-08-19 402,402,43417,402,43417,2014-09-06
ods.ods_scan_data 1805 0 1 PRIMARY 402,402,360012,402,360012,2017-12-15 403,403,8952,403,8952,2014-04-05
ods.ods_scan_data 1824 0 1 PRIMARY 405,405,429362,405,429362,2018-06-07 406,406,31651,406,31651,2014-07-12
ods.ods_scan_data 1830 0 1 PRIMARY 406,406,445755,406,445755,2018-03-04 407,407,43252,407,43252,2014-11-26
ods.ods_scan_data 1834 0 1 PRIMARY 407,407,293779,407,293779,2018-05-14 408,408,43270,408,43270,2014-10-11
ods.ods_scan_data 1838 0 1 PRIMARY 408,408,290754,408,290754,2017-09-23 409,409,15410,409,15410,2014-04-30
ods.ods_scan_data 1849 0 1 PRIMARY 410,410,343539,410,343539,2018-05-16 411,411,34235,411,34235,2014-07-07
ods.ods_scan_data 1855 0 1 PRIMARY 411,411,431503,411,431503,2018-08-20 412,412,48707,412,48707,2014-08-31
ods.ods_scan_data 1860 0 1 PRIMARY 412,412,386666,412,386666,2017-10-24 412,412,477745,412,477745,2019-02-13
ods.ods_scan_data 1869 0 1 PRIMARY 414,414,195498,414,195498,2017-04-24 415,415,21520,415,21520,2014-06-30
ods.ods_scan_data 1872 0 1 PRIMARY 415,415,191175,415,191175,2017-09-16 416,416,45835,416,45835,2015-02-17
ods.ods_scan_data 1879 0 1 PRIMARY 417,417,289188,417,289188,2018-06-24 418,418,58748,418,58748,2015-01-24
ods.ods_scan_data 1883 0 1 PRIMARY 418,418,308571,418,308571,2017-11-22 419,419,10398,419,10398,2014-04-21
ods.ods_scan_data 1894 0 1 PRIMARY 420,420,537866,420,537866,2018-12-28 421,421,66362,421,66362,2014-11-26
ods.ods_scan_data 1900 0 1 PRIMARY 421,421,471624,421,471624,2019-01-11 422,422,66713,422,66713,2015-03-21
ods.ods_scan_data 1904 0 1 PRIMARY 422,422,306692,422,306692,2018-10-20 423,423,62365,423,62365,2014-12-21
ods.ods_scan_data 1908 0 1 PRIMARY 423,423,288266,423,288266,2017-10-25 424,424,17500,424,17500,2014-05-26
ods.ods_scan_data 1912 0 1 PRIMARY 424,424,249080,424,249080,2017-05-17 424,424,337205,424,337205,2019-02-09
ods.ods_scan_data 1928 0 1 PRIMARY 427,427,459204,427,459204,2018-10-20 428,428,57834,428,57834,2014-11-18
ods.ods_scan_data 1933 0 1 PRIMARY 428,428,408773,428,408773,2018-07-11 429,429,50821,429,50821,2014-10-04
ods.ods_scan_data 1942 0 1 PRIMARY 430,430,300433,430,300433,2018-01-22 431,431,29108,431,29108,2014-06-28
ods.ods_scan_data 1947 0 1 PRIMARY 431,431,366952,431,366952,2018-06-05 432,432,42793,432,42793,2014-11-08
ods.ods_scan_data 1952 0 1 PRIMARY 432,432,379163,432,379163,2018-10-02 433,433,64120,433,64120,2014-11-14
ods.ods_scan_data 1957 0 1 PRIMARY 433,433,407288,433,407288,2017-10-28 434,434,3698,434,3698,2014-03-01
ods.ods_scan_data 1963 0 1 PRIMARY 434,434,434837,434,434837,2018-01-29 435,435,18913,435,18913,2014-08-23
ods.ods_scan_data 1967 0 1 PRIMARY 435,435,280508,435,280508,2017-12-15 436,436,34020,436,34020,2014-10-25
ods.ods_scan_data 1971 0 1 PRIMARY 436,436,303827,436,303827,2018-09-28 437,437,65830,437,65830,2014-12-13
ods.ods_scan_data 1976 0 1 PRIMARY 437,437,418611,437,418611,2017-11-22 438,438,18525,438,18525,2014-05-19
ods.ods_scan_data 1994 0 1 PRIMARY 441,441,281967,441,281967,2017-07-23 442,442,17054,442,17054,2014-05-07
ods.ods_scan_data 2006 0 1 PRIMARY 443,443,506417,443,506417,2018-10-31 444,444,68631,444,68631,2014-10-05
ods.ods_scan_data 2012 0 1 PRIMARY 444,444,520209,444,520209,2018-05-29 445,445,34912,445,34912,2014-07-17
ods.ods_scan_data 2018 0 1 PRIMARY 445,445,470249,445,470249,2018-06-21 446,446,35493,446,35493,2014-09-09
ods.ods_scan_data 2022 0 1 PRIMARY 446,446,303865,446,303865,2018-09-22 447,447,67547,447,67547,2014-12-06
ods.ods_scan_data 2032 0 1 PRIMARY 448,448,396735,448,396735,2018-10-17 449,449,67740,449,67740,2014-11-30
ods.ods_scan_data 2038 0 1 PRIMARY 449,449,492788,449,492788,2018-12-16 450,450,64894,450,64894,2015-02-28
ods.ods_scan_data 2042 0 1 PRIMARY 450,450,309296,450,309296,2018-01-04 451,451,29524,451,29524,2014-07-19
ods.ods_scan_data 2047 0 1 PRIMARY 451,451,348083,451,348083,2018-02-12 452,452,40439,452,40439,2014-11-02
ods.ods_scan_data 2057 0 1 PRIMARY 453,453,429899,453,429899,2018-05-15 454,454,30756,454,30756,2014-10-09
ods.ods_scan_data 2067 0 1 PRIMARY 456,456,347692,456,347692,2018-03-05 457,457,15829,457,15829,2014-04-24
ods.ods_scan_data 2072 0 1 PRIMARY 457,457,375767,457,375767,2017-08-22 458,458,2288,458,2288,2014-02-22
ods.ods_scan_data 2082 0 1 PRIMARY 459,459,331875,459,331875,2017-07-19 459,459,424136,459,424136,2019-02-09
ods.ods_scan_data 2087 0 1 PRIMARY 460,460,344441,460,344441,2018-08-24 461,461,55118,461,55118,2015-05-23
ods.ods_scan_data 2094 0 1 PRIMARY 462,462,342556,462,342556,2018-08-13 463,463,55575,463,55575,2015-02-06
ods.ods_scan_data 2103 0 1 PRIMARY 464,464,317005,464,317005,2017-10-05 465,465,102,465,102,2014-03-01
ods.ods_scan_data 2109 0 1 PRIMARY 465,465,427248,465,427248,2018-05-07 466,466,41928,466,41928,2014-10-30
ods.ods_scan_data 2113 0 1 PRIMARY 466,466,299728,466,299728,2018-08-11 467,467,60528,467,60528,2016-09-03
ods.ods_scan_data 2115 0 1 PRIMARY 467,467,140407,467,140407,2017-09-18 468,468,9612,468,9612,2014-04-21
ods.ods_scan_data 2120 0 1 PRIMARY 468,468,327472,468,327472,2018-03-23 469,469,36046,469,36046,2014-08-28
ods.ods_scan_data 2140 0 1 PRIMARY 472,472,389531,472,389531,2017-08-31 473,473,463,473,463,2014-02-27
ods.ods_scan_data 2146 0 1 PRIMARY 473,473,441022,473,441022,2018-05-27 474,474,30664,474,30664,2014-06-09
ods.ods_scan_data 2154 0 1 PRIMARY 474,474,620215,474,620215,2018-06-30 475,475,22403,475,22403,2014-09-07
ods.ods_scan_data 2160 0 1 PRIMARY 475,475,415197,475,415197,2018-12-24 476,476,67646,476,67646,2014-12-14
ods.ods_scan_data 2165 0 1 PRIMARY 476,476,394072,476,394072,2017-10-25 477,477,3815,477,3815,2014-03-15
ods.ods_scan_data 2170 0 1 PRIMARY 477,477,357625,477,357625,2018-08-09 478,478,57039,478,57039,2014-11-10
ods.ods_scan_data 2175 0 1 PRIMARY 478,478,407032,478,407032,2019-01-31 479,479,79121,479,79121,2015-04-19
ods.ods_scan_data 2183 0 1 PRIMARY 480,480,270722,480,270722,2017-08-10 481,481,4220,481,4220,2014-03-15
ods.ods_scan_data 2190 0 1 PRIMARY 481,481,504946,481,504946,2018-06-30 482,482,46733,482,46733,2014-12-07
ods.ods_scan_data 2199 0 1 PRIMARY 483,483,292479,483,292479,2018-09-22 484,484,49999,484,49999,2014-12-26
ods.ods_scan_data 2204 0 1 PRIMARY 484,484,341203,484,341203,2018-01-13 485,485,7409,485,7409,2014-04-19
ods.ods_scan_data 2226 0 1 PRIMARY 488,488,442850,488,442850,2018-10-29 489,489,51329,489,51329,2015-01-20
ods.ods_scan_data 2242 0 1 PRIMARY 491,491,433937,491,433937,2018-06-30 492,492,38295,492,38295,2014-09-06
ods.ods_scan_data 2247 0 1 PRIMARY 492,492,361871,492,361871,2018-02-07 493,493,33138,493,33138,2014-09-29
ods.ods_scan_data 2258 0 1 PRIMARY 494,494,449353,494,449353,2018-10-28 495,495,61163,495,61163,2014-10-06
ods.ods_scan_data 2264 0 1 PRIMARY 495,495,479448,495,479448,2018-01-21 495,495,565459,495,565459,2019-02-10
ods.ods_scan_data 2270 0 1 PRIMARY 496,496,384100,496,384100,2018-12-08 497,497,63912,497,63912,2014-11-18
ods.ods_scan_data 2277 0 1 PRIMARY 497,497,543466,497,543466,2018-10-16 498,498,53318,498,53318,2015-01-04
ods.ods_scan_data 2282 0 1 PRIMARY 498,498,383753,498,383753,2018-10-29 499,499,62153,499,62153,2015-03-25
ods.ods_scan_data 2291 0 1 PRIMARY 500,500,407186,500,407186,2018-09-22 501,501,51292,501,51292,2014-12-04
ods.ods_scan_data 2297 0 1 PRIMARY 501,501,475535,501,475535,2018-12-30 502,502,67430,502,67430,2015-01-25
ods.ods_scan_data 2302 0 1 PRIMARY 502,502,369230,502,369230,2018-10-02 503,503,48069,503,48069,2014-09-15
ods.ods_scan_data 2308 0 1 PRIMARY 503,503,426374,503,426374,2018-05-10 504,504,24969,504,24969,2014-07-05
ods.ods_scan_data 2314 0 1 PRIMARY 504,504,421114,504,421114,2017-11-28 505,505,4024,505,4024,2014-04-02
ods.ods_scan_data 2324 0 1 PRIMARY 506,506,407177,506,407177,2018-08-16 507,507,54377,507,54377,2014-10-20
ods.ods_scan_data 2330 0 1 PRIMARY 507,507,466649,507,466649,2018-06-22 508,508,30892,508,30892,2014-09-14
ods.ods_scan_data 2334 0 1 PRIMARY 508,508,276544,508,276544,2018-05-25 509,509,43908,509,43908,2014-10-11
ods.ods_scan_data 2356 0 1 PRIMARY 513,513,385216,513,385216,2018-12-08 514,514,56356,514,56356,2015-03-17
ods.ods_scan_data 2362 0 1 PRIMARY 514,514,435699,514,435699,2019-01-13 515,515,68331,515,68331,2015-03-21
ods.ods_scan_data 2373 0 1 PRIMARY 516,516,429528,516,429528,2018-08-17 517,517,45752,517,45752,2014-09-12
ods.ods_scan_data 2383 0 1 PRIMARY 518,518,275120,518,275120,2017-07-09 519,519,6421,519,6421,2014-05-17
ods.ods_scan_data 2388 0 1 PRIMARY 519,519,336032,519,336032,2018-05-15 520,520,41913,520,41913,2014-09-19
ods.ods_scan_data 2416 0 1 PRIMARY 525,525,415295,525,415295,2017-09-29 526,526,9199,526,9199,2014-05-11
ods.ods_scan_data 2427 0 1 PRIMARY 527,527,419688,527,419688,2018-07-03 528,528,42300,528,42300,2014-09-06
ods.ods_scan_data 2434 0 1 PRIMARY 528,528,580993,528,580993,2018-12-20 529,529,70961,529,70961,2015-04-11
ods.ods_scan_data 2438 0 1 PRIMARY 529,529,346377,529,346377,2018-01-07 530,530,10869,530,10869,2014-07-31
ods.ods_scan_data 2441 0 1 PRIMARY 530,530,173218,530,173218,2017-08-14 531,531,18484,531,18484,2014-05-30
ods.ods_scan_data 2451 0 1 PRIMARY 532,532,266074,532,266074,2017-09-20 533,533,15633,533,15633,2014-07-14
ods.ods_scan_data 2462 0 1 PRIMARY 535,535,343161,535,343161,2018-11-30 536,536,64074,536,64074,2014-11-22
ods.ods_scan_data 2482 0 1 PRIMARY 539,539,518401,539,518401,2018-10-12 540,540,52302,540,52302,2014-08-23
ods.ods_scan_data 2489 0 1 PRIMARY 540,540,536089,540,536089,2018-06-30 541,541,30111,541,30111,2014-09-07
ods.ods_scan_data 2494 0 1 PRIMARY 541,541,340116,541,340116,2018-04-15 542,542,43729,542,43729,2014-09-16
ods.ods_scan_data 2500 0 1 PRIMARY 542,542,435381,542,435381,2017-12-18 543,543,11675,543,11675,2014-07-23
ods.ods_scan_data 2505 0 1 PRIMARY 543,543,346516,543,346516,2018-08-18 544,544,60868,544,60868,2015-03-19
ods.ods_scan_data 2524 0 1 PRIMARY 547,547,295578,547,295578,2017-09-01 548,548,1440,548,1440,2014-03-06
ods.ods_scan_data 2530 0 1 PRIMARY 548,548,402652,548,402652,2018-10-02 549,549,49237,549,49237,2014-10-13
ods.ods_scan_data 2536 0 1 PRIMARY 549,549,435891,549,435891,2018-08-10 550,550,34405,550,34405,2014-10-25
ods.ods_scan_data 2541 0 1 PRIMARY 550,550,336419,550,336419,2018-11-14 551,551,61657,551,61657,2015-05-25
ods.ods_scan_data 2550 0 1 PRIMARY 552,552,334503,552,334503,2018-02-07 553,553,6955,553,6955,2014-05-14
ods.ods_scan_data 2562 0 1 PRIMARY 554,554,596177,554,596177,2018-10-27 555,555,55269,555,55269,2014-11-24
ods.ods_scan_data 2568 0 1 PRIMARY 555,555,488698,555,488698,2018-07-09 556,556,27528,556,27528,2014-08-16
ods.ods_scan_data 2574 0 1 PRIMARY 556,556,454648,556,454648,2018-06-26 557,557,35469,557,35469,2014-09-27
ods.ods_scan_data 2580 0 1 PRIMARY 557,557,469893,557,469893,2018-08-28 558,558,50971,558,50971,2014-11-28
ods.ods_scan_data 2585 0 1 PRIMARY 558,558,416153,558,416153,2018-02-23 559,559,5801,559,5801,2014-05-17
ods.ods_scan_data 2591 0 1 PRIMARY 559,559,461578,559,461578,2018-12-22 560,560,77340,560,77340,2015-05-30
ods.ods_scan_data 2595 0 1 PRIMARY 560,560,346828,560,346828,2018-06-17 561,561,40327,561,40327,2015-02-28
ods.ods_scan_data 2608 0 1 PRIMARY 563,563,393390,563,393390,2018-09-15 564,564,54465,564,54465,2014-11-21
ods.ods_scan_data 2612 0 1 PRIMARY 564,564,315029,564,315029,2018-05-04 565,565,40535,565,40535,2014-11-05
ods.ods_scan_data 2624 0 1 PRIMARY 566,566,515938,566,515938,2018-09-01 567,567,50546,567,50546,2015-02-07
ods.ods_scan_data 2655 0 1 PRIMARY 573,573,463033,573,463033,2018-09-11 574,574,57789,574,57789,2015-03-28
ods.ods_scan_data 2660 0 1 PRIMARY 574,574,378303,574,378303,2018-12-18 575,575,65508,575,65508,2015-01-19
ods.ods_scan_data 2669 0 1 PRIMARY 576,576,229644,576,229644,2018-06-17 577,577,36331,577,36331,2015-01-02
ods.ods_scan_data 2682 0 1 PRIMARY 579,579,397632,579,397632,2018-11-07 580,580,70675,580,70675,2014-11-18
ods.ods_scan_data 2689 0 1 PRIMARY 580,580,622328,580,622328,2018-10-27 581,581,51905,581,51905,2014-12-20
ods.ods_scan_data 2701 0 1 PRIMARY 583,583,369851,583,369851,2018-12-27 584,584,75316,584,75316,2015-03-08
ods.ods_scan_data 2705 0 1 PRIMARY 584,584,331695,584,331695,2018-09-21 585,585,65071,585,65071,2015-02-28
ods.ods_scan_data 2710 0 1 PRIMARY 585,585,409800,585,409800,2018-05-12 586,586,26948,586,26948,2014-08-28
ods.ods_scan_data 2719 0 1 PRIMARY 587,587,317318,587,317318,2017-09-02 588,588,4225,588,4225,2014-04-26
ods.ods_scan_data 2726 0 1 PRIMARY 589,589,220863,589,220863,2017-06-25 590,590,3261,590,3261,2014-04-05
ods.ods_scan_data 2732 0 1 PRIMARY 590,590,416820,590,416820,2018-08-17 591,591,47831,591,47831,2014-10-02
ods.ods_scan_data 2738 0 1 PRIMARY 591,591,454650,591,454650,2018-03-12 592,592,4740,592,4740,2014-04-18
ods.ods_scan_data 2758 0 1 PRIMARY 595,595,456571,595,456571,2018-10-11 596,596,62995,596,62995,2015-04-24
ods.ods_scan_data 2766 0 1 PRIMARY 597,597,393510,597,393510,2018-03-05 598,598,12209,598,12209,2014-07-14
ods.ods_scan_data 2779 0 1 PRIMARY 600,600,536751,600,536751,2018-05-01 601,601,12404,601,12404,2014-05-24
ods.ods_scan_data 2786 0 1 PRIMARY 601,601,484673,601,484673,2018-09-06 602,602,44169,602,44169,2014-11-13
ods.ods_scan_data 2798 0 1 PRIMARY 604,604,382821,604,382821,2018-01-03 605,605,12390,605,12390,2014-06-11
ods.ods_scan_data 2804 0 1 PRIMARY 605,605,377598,605,377598,2018-07-28 606,606,35838,606,35838,2014-10-09
ods.ods_scan_data 2818 0 1 PRIMARY 609,609,137840,609,137840,2017-06-09 610,610,17002,610,17002,2014-06-28
ods.ods_scan_data 2823 0 1 PRIMARY 610,610,349613,610,349613,2018-08-29 611,611,54807,611,54807,2014-11-15
ods.ods_scan_data 2828 0 1 PRIMARY 611,611,450582,611,450582,2018-07-22 612,612,38832,612,38832,2014-12-06
ods.ods_scan_data 2832 0 1 PRIMARY 612,612,292309,612,292309,2017-11-09 613,613,12783,613,12783,2014-05-08
ods.ods_scan_data 2839 0 1 PRIMARY 613,613,549843,613,549843,2018-12-15 614,614,66853,614,66853,2015-05-09
ods.ods_scan_data 2846 0 1 PRIMARY 615,615,311487,615,311487,2018-04-07 616,616,45829,616,45829,2014-10-04
ods.ods_scan_data 2857 0 1 PRIMARY 617,617,562069,617,562069,2018-12-10 618,618,70079,618,70079,2014-10-12
ods.ods_scan_data 2868 0 1 PRIMARY 619,619,336087,619,336087,2018-08-29 620,620,59778,620,59778,2015-02-27
ods.ods_scan_data 2873 0 1 PRIMARY 620,620,398187,620,398187,2019-01-19 621,621,77164,621,77164,2015-02-19
ods.ods_scan_data 2878 0 1 PRIMARY 621,621,431409,621,431409,2019-01-26 622,622,75533,622,75533,2015-07-03
ods.ods_scan_data 2882 0 1 PRIMARY 622,622,312819,622,312819,2018-07-03 623,623,46343,623,46343,2014-10-11
ods.ods_scan_data 2887 0 1 PRIMARY 623,623,361909,623,361909,2017-09-27 623,623,450220,623,450220,2019-02-09
ods.ods_scan_data 2893 0 1 PRIMARY 624,624,394488,624,394488,2018-08-15 625,625,54542,625,54542,2015-03-01
ods.ods_scan_data 2897 0 1 PRIMARY 625,625,293451,625,293451,2017-09-18 626,626,16134,626,16134,2014-06-26
ods.ods_scan_data 2901 0 1 PRIMARY 626,626,270584,626,270584,2017-06-28 627,627,3433,627,3433,2014-04-05
ods.ods_scan_data 2913 0 1 PRIMARY 628,628,381082,628,381082,2018-03-22 629,629,25899,629,25899,2014-08-29
ods.ods_scan_data 2925 0 1 PRIMARY 631,631,273173,631,273173,2017-09-23 632,632,26553,632,26553,2014-07-21
ods.ods_scan_data 2930 0 1 PRIMARY 632,632,345788,632,345788,2017-11-06 633,633,23057,633,23057,2014-08-24
ods.ods_scan_data 2940 0 1 PRIMARY 634,634,316730,634,316730,2017-09-05 635,635,11181,635,11181,2014-06-09
ods.ods_scan_data 2945 0 1 PRIMARY 635,635,354202,635,354202,2018-02-13 636,636,24402,636,24402,2014-07-21
ods.ods_scan_data 2951 0 1 PRIMARY 636,636,449226,636,449226,2018-03-19 637,637,14189,637,14189,2014-06-14
ods.ods_scan_data 2957 0 1 PRIMARY 637,637,429458,637,429458,2018-03-16 638,638,26673,638,26673,2014-07-14
ods.ods_scan_data 2964 0 1 PRIMARY 638,638,519421,638,519421,2018-07-09 639,639,27854,639,27854,2014-08-16
ods.ods_scan_data 2969 0 1 PRIMARY 639,639,328493,639,328493,2018-04-30 640,640,32990,640,32990,2014-08-18
ods.ods_scan_data 2975 0 1 PRIMARY 640,640,454419,640,454419,2018-05-18 641,641,29830,641,29830,2014-07-23
ods.ods_scan_data 2987 0 1 PRIMARY 642,642,308285,642,308285,2017-11-06 643,643,11557,643,11557,2014-05-28
ods.ods_scan_data 2993 0 1 PRIMARY 643,643,442554,643,442554,2018-01-07 644,644,12318,644,12318,2014-06-13
ods.ods_scan_data 2998 0 1 PRIMARY 644,644,331374,644,331374,2019-01-19 645,645,58645,645,58645,2015-04-19
ods.ods_scan_data 3002 0 1 PRIMARY 645,645,255968,645,255968,2018-05-12 646,646,27325,646,27325,2014-08-26
ods.ods_scan_data 3012 0 1 PRIMARY 647,647,186029,647,186029,2019-01-10 648,648,72699,648,72699,2015-02-03
ods.ods_scan_data 3018 0 1 PRIMARY 648,648,434580,648,434580,2018-05-14 649,649,17870,649,17870,2014-07-26
ods.ods_scan_data 3023 0 1 PRIMARY 649,649,278706,649,278706,2017-10-28 650,650,13086,650,13086,2014-05-25
ods.ods_scan_data 3031 0 1 PRIMARY 650,650,565312,650,565312,2018-11-25 651,651,52217,651,52217,2014-11-02
ods.ods_scan_data 3037 0 1 PRIMARY 651,651,444575,651,444575,2018-06-21 652,652,22459,652,22459,2014-08-29
ods.ods_scan_data 3043 0 1 PRIMARY 652,652,409685,652,409685,2018-10-14 653,653,51763,653,51763,2014-10-18
ods.ods_scan_data 3050 0 1 PRIMARY 653,653,506021,653,506021,2018-05-28 654,654,25132,654,25132,2014-07-07
ods.ods_scan_data 3059 0 1 PRIMARY 654,654,579004,654,579004,2019-01-09 655,655,49756,655,49756,2014-12-14
ods.ods_scan_data 3071 0 1 PRIMARY 656,656,453673,656,453673,2018-09-14 657,657,53081,657,53081,2014-12-10
ods.ods_scan_data 3076 0 1 PRIMARY 657,657,375111,657,375111,2018-03-19 658,658,13159,658,13159,2014-09-07
ods.ods_scan_data 3084 0 1 PRIMARY 659,659,416533,659,416533,2018-05-29 660,660,28715,660,28715,2014-08-16
ods.ods_scan_data 3090 0 1 PRIMARY 660,660,400335,660,400335,2018-05-27 661,661,25430,661,25430,2014-07-19
ods.ods_scan_data 3102 0 1 PRIMARY 662,662,401752,662,401752,2018-09-28 663,663,43972,663,43972,2014-11-07
ods.ods_scan_data 3113 0 1 PRIMARY 664,664,356613,664,356613,2018-03-02 665,665,31963,665,31963,2014-08-30
ods.ods_scan_data 3122 0 1 PRIMARY 666,666,312329,666,312329,2017-08-27 667,667,20544,667,20544,2014-08-27
ods.ods_scan_data 3131 0 1 PRIMARY 668,668,452757,668,452757,2018-05-17 669,669,32780,669,32780,2014-11-11
ods.ods_scan_data 3135 0 1 PRIMARY 669,669,295727,669,295727,2019-02-02 670,670,75944,670,75944,2015-09-12
ods.ods_scan_data 3138 0 1 PRIMARY 670,670,246204,670,246204,2018-09-28 671,671,57148,671,57148,2014-12-20
ods.ods_scan_data 3143 0 1 PRIMARY 671,671,384954,671,384954,2018-03-04 672,672,20708,672,20708,2014-08-16
ods.ods_scan_data 3147 0 1 PRIMARY 672,672,258419,672,258419,2017-11-20 673,673,34343,673,34343,2014-10-12
ods.ods_scan_data 3156 0 1 PRIMARY 674,674,383423,674,383423,2019-01-09 675,675,63852,675,63852,2015-02-12
ods.ods_scan_data 3161 0 1 PRIMARY 675,675,378004,675,378004,2018-09-15 676,676,52979,676,52979,2015-02-11
ods.ods_scan_data 3172 0 1 PRIMARY 677,677,473528,677,473528,2018-09-22 678,678,50645,678,50645,2015-02-10
ods.ods_scan_data 3184 0 1 PRIMARY 680,680,310394,680,310394,2017-09-27 681,681,93332,681,93332,2015-05-30
ods.ods_scan_data 3188 0 1 PRIMARY 681,681,331857,681,331857,2018-05-03 682,682,42509,682,42509,2015-06-27
ods.ods_scan_data 3193 0 1 PRIMARY 682,682,383592,682,383592,2018-06-07 683,683,24196,683,24196,2015-01-11
ods.ods_scan_data 3198 0 1 PRIMARY 683,683,293097,683,293097,2018-01-06 684,684,12918,684,12918,2015-03-16
ods.ods_scan_data 3217 0 1 PRIMARY 687,687,403367,687,403367,2018-12-07 688,688,70350,688,70350,2015-11-08
ods.ods_scan_data 3225 0 1 PRIMARY 689,689,317739,689,317739,2019-01-28 690,690,72656,690,72656,2015-04-18
ods.ods_scan_data 3242 0 1 PRIMARY 693,693,229031,693,229031,2018-06-16 694,694,41505,694,41505,2014-08-17
ods.ods_scan_data 3245 0 1 PRIMARY 698,698,6769,698,6769,2016-03-31 715,715,9324,715,9324,2018-11-22
ods.ods_scan_data 3246 0 1 PRIMARY 715,715,9325,715,9325,2018-11-22 724,724,2060,724,2060,2018-09-03
ods.ods_scan_data 3247 0 1 PRIMARY 724,724,2061,724,2061,2018-09-03 728,728,53750,728,53750,2018-04-27
ods.ods_scan_data 3248 0 1 PRIMARY 728,728,53751,728,53751,2018-04-27 731,731,19170,731,19170,2016-10-17
ods.ods_scan_data 3251 0 1 PRIMARY 731,731,171387,731,171387,2018-12-04 732,732,64745,732,64745,2018-01-04
ods.ods_scan_data 3252 0 1 PRIMARY 732,732,64746,732,64746,2018-01-04 733,733,28921,733,28921,2017-01-14
ods.ods_scan_data 3254 0 1 PRIMARY 733,733,107010,733,107010,2018-05-01 734,734,38325,734,38325,2017-09-25
ods.ods_scan_data 3256 0 1 PRIMARY 734,734,127323,734,127323,2018-09-29 736,736,52756,736,52756,2014-12-01
ods.ods_scan_data 3261 0 1 PRIMARY 736,736,316993,736,316993,2018-10-28 737,737,53501,737,53501,2017-03-05
ods.ods_scan_data 3263 0 1 PRIMARY 737,737,125807,737,125807,2018-08-01 739,739,5355,739,5355,2016-10-29
ods.ods_scan_data 3264 0 1 PRIMARY 739,739,5356,739,5356,2016-10-29 741,741,14618,741,14618,2016-11-20
ods.ods_scan_data 3265 0 1 PRIMARY 741,741,14619,741,14619,2016-11-20 742,742,35604,742,35604,2018-07-18
ods.ods_scan_data 3266 0 1 PRIMARY 742,742,35605,742,35605,2018-07-18 745,745,4733,745,4733,2016-09-15
ods.ods_scan_data 3267 0 1 PRIMARY 745,745,4734,745,4734,2016-09-15 747,747,2969,747,2969,2016-08-30
ods.ods_scan_data 3268 0 1 PRIMARY 747,747,2970,747,2970,2016-08-30 748,748,37669,748,37669,2017-07-31
ods.ods_scan_data 3269 0 1 PRIMARY 748,748,37670,748,37670,2017-07-31 751,751,6429,751,6429,2016-10-15
ods.ods_scan_data 3270 0 1 PRIMARY 751,751,6430,751,6430,2016-10-15 753,753,2194,753,2194,2016-10-02
ods.ods_scan_data 3271 0 1 PRIMARY 753,753,2195,753,2195,2016-10-02 755,755,7970,755,7970,2016-12-10
ods.ods_scan_data 3272 0 1 PRIMARY 755,755,7971,755,7971,2016-12-10 757,757,18982,757,18982,2017-10-09
ods.ods_scan_data 3273 0 1 PRIMARY 757,757,18983,757,18983,2017-10-09 780,780,8637,780,8637,2017-08-29
ods.ods_scan_data 3274 -1 1 PRIMARY 780,780,8638,780,8638,2017-08-30 783,783,24624,783,24624,2017-12-22
ods.ods_scan_data 3275 0 1 PRIMARY 783,783,24625,783,24625,2017-12-22 786,786,14144,786,14144,2017-08-16
ods.ods_scan_data 3276 0 1 PRIMARY 786,786,14145,786,14145,2017-08-16 788,788,19498,788,19498,2018-05-29
ods.ods_scan_data 3277 0 1 PRIMARY 788,788,19499,788,19499,2018-05-29 792,792,4764,792,4764,2017-04-11
ods.ods_scan_data 3278 0 1 PRIMARY 792,792,4765,792,4765,2017-04-11 796,796,8251,796,8251,2017-09-25
ods.ods_scan_data 3279 0 1 PRIMARY 796,796,8252,796,8252,2017-09-25 799,799,17495,799,17495,2018-01-24
ods.ods_scan_data 3280 0 1 PRIMARY 799,799,17496,799,17496,2018-01-24 801,801,38510,801,38510,2019-02-02
ods.ods_scan_data 3281 0 1 PRIMARY 801,801,38511,801,38511,2019-02-02 808,808,17425,808,17425,2014-03-10
ods.ods_scan_data 3286 0 1 PRIMARY 812,812,11318,812,11318,2018-10-12 819,819,1830,819,1830,2017-11-09
ods.ods_scan_data 3287 0 1 PRIMARY 819,819,1831,819,1831,2017-11-09 823,823,10192,823,10192,2017-12-18
ods.ods_scan_data 3288 0 1 PRIMARY 823,823,10193,823,10193,2017-12-18 827,827,6985,827,6985,2018-05-27
ods.ods_scan_data 3289 0 1 PRIMARY 827,827,6986,827,6986,2018-05-27 831,831,13702,831,13702,2018-08-18
ods.ods_scan_data 3290 0 1 PRIMARY 831,831,13703,831,13703,2018-08-18 836,836,2182,836,2182,2017-12-14
ods.ods_scan_data 3291 0 1 PRIMARY 836,836,2183,836,2183,2017-12-14 841,841,5717,841,5717,2018-03-15
ods.ods_scan_data 3292 0 1 PRIMARY 841,841,5718,841,5718,2018-03-15 845,845,10893,845,10893,2018-07-11
ods.ods_scan_data 3293 0 1 PRIMARY 845,845,10894,845,10894,2018-07-11 849,849,9152,849,9152,2018-05-13
ods.ods_scan_data 3294 0 1 PRIMARY 849,849,9153,849,9153,2018-05-13 854,854,13875,854,13875,2018-09-17
ods.ods_scan_data 3295 0 1 PRIMARY 854,854,13876,854,13876,2018-09-17 859,859,25970,859,25970,2018-09-28
ods.ods_scan_data 3296 0 1 PRIMARY 859,859,25971,859,25971,2018-09-28 866,866,4299,866,4299,2018-03-02
ods.ods_scan_data 3297 0 1 PRIMARY 866,866,4300,866,4300,2018-03-02 870,870,18525,870,18525,2018-12-18
ods.ods_scan_data 3298 0 1 PRIMARY 870,870,18526,870,18526,2018-12-18 875,875,4887,875,4887,2018-03-08
ods.ods_scan_data 3299 0 1 PRIMARY 875,875,4888,875,4888,2018-03-08 880,880,28620,880,28620,2018-12-31
ods.ods_scan_data 3300 0 1 PRIMARY 880,880,28621,880,28621,2018-12-31 887,887,517,887,517,2017-10-29
ods.ods_scan_data 3301 0 1 PRIMARY 887,887,518,887,518,2017-10-29 891,891,10931,891,10931,2018-06-22
ods.ods_scan_data 3302 0 1 PRIMARY 891,891,10932,891,10932,2018-06-22 895,895,15045,895,15045,2018-08-25
ods.ods_scan_data 3303 0 1 PRIMARY 895,895,15046,895,15046,2018-08-25 900,900,1840,900,1840,2017-11-20
ods.ods_scan_data 3304 0 1 PRIMARY 900,900,1841,900,1841,2017-11-20 904,904,9947,904,9947,2018-08-08
ods.ods_scan_data 3305 0 1 PRIMARY 904,904,9948,904,9948,2018-08-08 911,911,2537,911,2537,2018-09-29
ods.ods_scan_data 3306 0 1 PRIMARY 911,911,2538,911,2538,2018-09-29 916,916,7152,916,7152,2018-01-10
ods.ods_scan_data 3307 0 1 PRIMARY 916,916,7153,916,7153,2018-01-10 920,920,7778,920,7778,2018-04-19
ods.ods_scan_data 3308 0 1 PRIMARY 920,920,7779,920,7779,2018-04-19 925,925,1176,925,1176,2017-11-24
ods.ods_scan_data 3309 0 1 PRIMARY 925,925,1177,925,1177,2017-11-24 928,928,21255,928,21255,2018-09-30
ods.ods_scan_data 3310 0 1 PRIMARY 928,928,21256,928,21256,2018-09-30 934,934,11678,934,11678,2018-07-20
ods.ods_scan_data 3311 0 1 PRIMARY 934,934,11679,934,11679,2018-07-20 938,938,14494,938,14494,2018-10-08
ods.ods_scan_data 3312 0 1 PRIMARY 938,938,14495,938,14495,2018-10-08 944,944,19921,944,19921,2019-02-02
ods.ods_scan_data 3313 0 1 PRIMARY 944,944,19922,944,19922,2019-02-02 950,950,995,950,995,2017-10-29
ods.ods_scan_data 3314 0 1 PRIMARY 950,950,996,950,996,2017-10-29 954,954,3605,954,3605,2018-01-07
ods.ods_scan_data 3315 0 1 PRIMARY 954,954,3606,954,3606,2018-01-07 959,959,10774,959,10774,2018-05-05
ods.ods_scan_data 3316 0 1 PRIMARY 959,959,10775,959,10775,2018-05-05 964,964,11416,964,11416,2018-08-19
ods.ods_scan_data 3317 0 1 PRIMARY 964,964,11417,964,11417,2018-08-19 970,970,11419,970,11419,2018-08-03
ods.ods_scan_data 3318 0 1 PRIMARY 970,970,11420,970,11420,2018-08-03 974,974,32234,974,32234,2018-12-01
ods.ods_scan_data 3319 0 1 PRIMARY 974,974,32235,974,32235,2018-12-01 980,980,14678,980,14678,2018-10-11
ods.ods_scan_data 3320 0 1 PRIMARY 980,980,14679,980,14679,2018-10-11 987,987,3713,987,3713,2018-02-19
ods.ods_scan_data 3321 0 1 PRIMARY 987,987,3714,987,3714,2018-02-19 993,993,9515,993,9515,2018-12-12
ods.ods_scan_data 3322 0 1 PRIMARY 993,993,9516,993,9516,2018-12-12 1002,1002,2133,1002,2133,2017-11-21
ods.ods_scan_data 3323 0 1 PRIMARY 1002,1002,2134,1002,2134,2017-11-21 1007,1007,11267,1007,11267,2018-03-26
ods.ods_scan_data 3324 0 1 PRIMARY 1007,1007,11268,1007,11268,2018-03-26 1012,1012,6365,1012,6365,2018-01-02
ods.ods_scan_data 3325 0 1 PRIMARY 1012,1012,6366,1012,6366,2018-01-02 1017,1017,9154,1017,9154,2018-06-20
ods.ods_scan_data 3326 0 1 PRIMARY 1017,1017,9155,1017,9155,2018-06-20 1023,1023,20989,1023,20989,2018-12-24
ods.ods_scan_data 3327 0 1 PRIMARY 1023,1023,20990,1023,20990,2018-12-24 1040,1040,6633,1040,6633,2018-12-29
ods.ods_scan_data 3328 0 1 PRIMARY 1040,1040,6634,1040,6634,2018-12-29 1051,1051,3534,1051,3534,2018-09-15
ods.ods_scan_data 3329 0 1 PRIMARY 1051,1051,3535,1051,3535,2018-09-15 1061,1061,9060,1061,9060,2019-01-13
ods.ods_scan_data 3330 0 1 PRIMARY 1061,1061,9061,1061,9061,2019-01-13 1076,1076,571,1076,571,2018-07-23
ods.ods_scan_data 3331 0 1 PRIMARY 1076,1076,572,1076,572,2018-07-23 1087,1087,718,1087,718,2018-08-28
ods.ods_scan_data 3332 0 1 PRIMARY 1087,1087,719,1087,719,2018-08-28 1100,1100,1234,1100,1234,2018-08-30
ods.ods_scan_data 3333 0 1 PRIMARY 1100,1100,1235,1100,1235,2018-08-30 1110,1110,1190,1110,1190,2018-08-27
ods.ods_scan_data 3334 0 1 PRIMARY 1110,1110,1191,1110,1191,2018-08-27 1120,1120,2762,1120,2762,2018-10-29
ods.ods_scan_data 3335 -1 1 PRIMARY 1120,1120,2763,1120,2763,2018-10-29 1128,1128,4915,1128,4915,2018-11-09
ods.ods_scan_data 3336 0 1 PRIMARY 1128,1128,4916,1128,4916,2018-11-09 1136,1136,1514,1136,1514,2018-08-25
ods.ods_scan_data 3337 0 1 PRIMARY 1136,1136,1515,1136,1515,2018-08-25 1142,1142,9803,1142,9803,2019-02-13
ods.ods_scan_data 3338 0 1 PRIMARY 1142,1142,9804,1142,9804,2019-02-13 1149,1149,6569,1149,6569,2018-12-07
ods.ods_scan_data 3339 0 1 PRIMARY 1149,1149,6570,1149,6570,2018-12-07 1157,1157,7617,1157,7617,2019-02-11
ods.ods_scan_data 3340 0 1 PRIMARY 1157,1157,7618,1157,7618,2019-02-11 1166,1166,2809,1166,2809,2018-10-05
ods.ods_scan_data 3341 0 1 PRIMARY 1166,1166,2810,1166,2810,2018-10-05 1174,1174,5114,1174,5114,2018-11-22
ods.ods_scan_data 3342 0 1 PRIMARY 1174,1174,5115,1174,5115,2018-11-22 1183,1183,2219,1183,2219,2018-11-16
ods.ods_scan_data 3343 0 1 PRIMARY 1183,1183,2220,1183,2220,2018-11-16 1194,1194,1268,1194,1268,2018-09-01
ods.ods_scan_data 3344 0 1 PRIMARY 1194,1194,1269,1194,1269,2018-09-01 1203,1203,4266,1203,4266,2018-12-29
ods.ods_scan_data 3345 0 1 PRIMARY 1203,1203,4267,1203,4267,2018-12-29 1214,1214,4756,1214,4756,2019-02-01
ods.ods_scan_data 3346 0 1 PRIMARY 1214,1214,4757,1214,4757,2019-02-01 1226,1226,6507,1226,6507,2018-12-26
ods.ods_scan_data 3347 0 1 PRIMARY 1226,1226,6508,1226,6508,2018-12-27 1237,1237,4510,1237,4510,2018-12-14
ods.ods_scan_data 3348 0 1 PRIMARY 1237,1237,4511,1237,4511,2018-12-14 1249,1249,2302,1249,2302,2018-10-04
ods.ods_scan_data 3349 0 1 PRIMARY 1249,1249,2303,1249,2303,2018-10-04 1259,1259,4236,1259,4236,2018-12-01
ods.ods_scan_data 3350 0 1 PRIMARY 1259,1259,4237,1259,4237,2018-12-01 1270,1270,2627,1270,2627,2018-09-09
ods.ods_scan_data 3351 0 1 PRIMARY 1270,1270,2628,1270,2628,2018-09-09 1281,1281,4305,1281,4305,2019-02-07
ods.ods_scan_data 3352 -1 1 PRIMARY 1281,1281,4306,1281,4306,2019-02-07 1295,1295,2410,1295,2410,2018-10-14
ods.ods_scan_data 3353 0 1 PRIMARY 1295,1295,2411,1295,2411,2018-10-14 1309,1309,2454,1309,2454,2018-10-28
ods.ods_scan_data 3354 0 1 PRIMARY 1309,1309,2455,1309,2455,2018-10-28 1322,1322,2104,1322,2104,2018-10-10
ods.ods_scan_data 3355 0 1 PRIMARY 1322,1322,2105,1322,2105,2018-10-10 1335,1335,6662,1335,6662,2018-12-31
ods.ods_scan_data 3356 0 1 PRIMARY 1335,1335,6663,1335,6663,2018-12-31 1349,1349,2437,1349,2437,2018-11-24
ods.ods_scan_data 3357 0 1 PRIMARY 1349,1349,2438,1349,2438,2018-11-24 1359,1359,5403,1359,5403,2018-12-30
ods.ods_scan_data 3358 0 1 PRIMARY 1359,1359,5404,1359,5404,2018-12-30 1367,1367,4158,1367,4158,2018-12-22
ods.ods_scan_data 3359 0 1 PRIMARY 1367,1367,4159,1367,4159,2018-12-22 1375,1375,5740,1375,5740,2018-11-03
ods.ods_scan_data 3360 0 1 PRIMARY 1375,1375,5741,1375,5741,2018-11-03 1383,1383,2995,1383,2995,2018-11-04
ods.ods_scan_data 3361 0 1 PRIMARY 1383,1383,2996,1383,2996,2018-11-04 1389,1389,7759,1389,7759,2019-02-14
ods.ods_scan_data 3362 0 1 PRIMARY 1389,1389,7760,1389,7760,2019-02-14 1397,1397,3081,1397,3081,2018-11-09
ods.ods_scan_data 3363 0 1 PRIMARY 1397,1397,3082,1397,3082,2018-11-09 1404,1404,6706,1404,6706,2019-01-03
ods.ods_scan_data 3364 0 1 PRIMARY 1404,1404,6707,1404,6707,2019-01-03 1413,1413,1011,1413,1011,2018-09-15
ods.ods_scan_data 3365 0 1 PRIMARY 1413,1413,1012,1413,1012,2018-09-15 1422,1422,7433,1422,7433,2019-02-09
ods.ods_scan_data 3366 0 1 PRIMARY 1422,1422,7434,1422,7434,2019-02-09 1430,1430,8973,1430,8973,2019-02-02
ods.ods_scan_data 3367 0 1 PRIMARY 1430,1430,8974,1430,8974,2019-02-02 1440,1440,2549,1440,2549,2018-10-07
ods.ods_scan_data 3368 0 1 PRIMARY 1440,1440,2550,1440,2550,2018-10-07 1448,1448,4753,1448,4753,2018-12-18
ods.ods_scan_data 3369 0 1 PRIMARY 1448,1448,4754,1448,4754,2018-12-18 1460,1460,304,1460,304,2019-02-14
ods.ods_scan_events 95 -1 1 PRIMARY 968,968,198,968,198,2017-11-03 994,994,3477,994,3477,2018-09-07
ods.ods_settings 1 0 1
ods.ods_videos 3 465 1 idx_kiosk_id_and_scan_code 17,17,33330007,33330007 17,17,33330009,33330009
ods.tickets 13 -13 1 PRIMARY 727389 792548
ods.t_sample_kit_metrics 1 86 1
temp_tables.kiosk_hourly_errors 1 -10 1 PRIMARY 17,17,1127,17,1127,11,17,1127,11,0,17,1127,11,0,11 26,26,1125,26,1125,13,26,1125,13,0,26,1125,13,0,233
temp_tables.kiosk_hourly_errors 2 -20 1 PRIMARY 26,26,1125,26,1125,14,26,1125,14,0,26,1125,14,0,233 34,34,2359,34,2359,10,34,2359,10,0,34,2359,10,0,976
temp_tables.kiosk_hourly_errors 3 -25 1 PRIMARY 34,34,2359,34,2359,11,34,2359,11,0,34,2359,11,0,976 40,40,2086,40,2086,14,40,2086,14,0,40,2086,14,0,836
temp_tables.kiosk_hourly_errors 4 -25 1 PRIMARY 40,40,2086,40,2086,15,40,2086,15,0,40,2086,15,0,836 48,48,1218,48,1218,6,48,1218,6,0,48,1218,6,0,276
temp_tables.kiosk_hourly_errors 5 -30 1 PRIMARY 48,48,1218,48,1218,7,48,1218,7,0,48,1218,7,0,276 54,54,977,54,977,1,54,977,1,0,54,977,1,0,147
temp_tables.kiosk_hourly_errors 6 -20 1 PRIMARY 54,54,977,54,977,2,54,977,2,0,54,977,2,0,147 59,59,2012,59,2012,11,59,2012,11,0,59,2012,11,0,814
temp_tables.kiosk_hourly_errors 7 -25 1 PRIMARY 59,59,2012,59,2012,12,59,2012,12,0,59,2012,12,0,814 67,67,1905,67,1905,15,67,1905,15,1,67,1905,15,1,758
temp_tables.kiosk_hourly_errors 8 -29 1 PRIMARY 67,67,1905,67,1905,16,67,1905,16,1,67,1905,16,1,758 73,73,924,73,924,12,73,924,12,1,73,924,12,1,128
temp_tables.kiosk_hourly_errors 9 -15 1 PRIMARY 73,73,924,73,924,13,73,924,13,1,73,924,13,1,128 78,78,2302,78,2302,10,78,2302,10,0,78,2302,10,0,973
temp_tables.kiosk_hourly_errors 10 -9 1 PRIMARY 78,78,2302,78,2302,11,78,2302,11,0,78,2302,11,0,973 84,84,1603,84,1603,14,84,1603,14,0,84,1603,14,0,507
walmart.ods_scan_data 4 -1 1 idx_ods_scan_data_id_kiosk_id 779,779,21411 783,783,38137
walmart.ods_scan_data 18 -1 1 idx_ods_scan_data_id_kiosk_id 857,857,15623 862,862,20243
walmart.ods_scan_data 28 -1 1 idx_ods_scan_data_id_kiosk_id 915,915,11831 921,921,10310
walmart.ods_scan_data 48 -1 1 idx_ods_scan_data_id_kiosk_id 1050,1050,9379 1066,1066,5269
walmart.ods_scan_data 52 -1 1 idx_ods_scan_data_id_kiosk_id 1112,1112,914 1126,1126,305
walmart.ods_scan_data 63 -1 1 idx_ods_scan_data_id_kiosk_id 1287,1287,4715 1309,1309,9
walmart.ods_scan_data 64 -1 1 idx_ods_scan_data_id_kiosk_id 1309,1309,10 1331,1331,6256
walmart.ods_scan_data 65 -1 1 idx_ods_scan_data_id_kiosk_id 1331,1331,6257 1353,1353,4285
walmart.ods_scan_data 69 -1 1 idx_ods_scan_data_id_kiosk_id 1416,1416,4439 1440,1440,3051